4853
0
3686
0
5556
0
0
0
4874
0
4815
0
4877
0
4881
0
4873
0
4885
0
4886
0
0
0
0
4863
0
4834
0
4853
0
4846
0
4837
0
4885
0
5355
0
4848
0
4824
0
4825
0
4840
0
4846
0
4878
0
4851
0
4879
0
4939
0
0
4869
0
4826
0
4847
0
4826
0
4854
0
4820
0
4847
0
4831
0
4841
0
4837
0
4804
0
4815
0
4869
0
4863
0
4880
0
4914
0
0
0
0
4815
0
4854
0
4839
0
4836
0
4835
0
4983
0
4814
0
5468
0
4832
0
4834
0
4853
0
4844
0
4837
0
4864
0
4878
0
4875
0
61
0
0
4818
0
4851
0
4863
0
4853
0
4822
0
4852
0
4824
0
5470
0
0
0
4869
0
4822
0
4879
0
4882
0
4875
0
4881
0
4887
0
0
0
0
4862
0
4831
0
4853
0
4850
0
4832
0
4886
0
5212
0
4851
0
4821
0
4817
0
4836
0
4846
0
4879
0
4858
0
4880
0
4934
0
0
4862
0
4833
0
4853
0
4826
0
4852
0
4818
0
4843
0
4826
0
4843
0
4840
0
4801
0
4819
0
4865
0
4865
0
4885
0
4921
0
0
0
0
4815
0
4854
0
4832
0
4843
0
4838
0
4862
0
4799
0
5184
0
4825
0
4838
0
4854
0
4841
0
4834
0
4873
0
4875
0
4871
0
128
0
0
4818
0
4850
0
4862
0
4853
0
4825
0
4842
0
4818
0
5301
0
0
0
4881
0
4817
0
4877
0
4885
0
4875
0
4893
0
4890
0
0
0
0
4862
0
4838
0
4848
0
4847
0
4830
0
4884
0
5151
0
4850
0
4815
0
4831
0
4844
0
4846
0
4876
0
4852
0
4878
0
4949
0
0
4860
0
4827
0
4853
0
4831
0
4855
0
4817
0
4842
0
5487
0
4846
0
4838
0
4799
0
4818
0
4867
0
4870
0
4889
0
4916
0
0
0
0
4815
0
4857
0
4839
0
4835
0
4839
0
4865
0
4802
0
5252
0
4831
0
4841
0
4853
0
4843
0
4841
0
4854
0
4872
0
4872
0
195
0
0
4813
0
4846
0
4864
0
4849
0
4824
0
4851
0
4824
0
5342
0
0
0
4876
0
4823
0
4873
0
4883
0
4871
0
4890
0
4891
0
0
0
0
4863
0
4838
0
4849
0
4850
0
5003
0
4880
0
5265
0
4849
0
4818
0
4819
0
4840
0
4845
0
4883
0
4850
0
4873
0
4943
0
0
4859
0
4828
0
4850
0
4828
0
4853
0
4817
0
4842
0
5216
0
4840
0
4834
0
4803
0
4815
0
4873
0
4871
0
4884
0
4918
0
0
0
0
4817
0
4852
0
4830
0
4836
0
4839
0
4867
0
4791
0
5474
0
4830
0
4837
0
4861
0
4841
0
4841
0
4870
0
4877
0
4882
0
262
0
0
4813
0
4845
0
4869
0
4850
0
4820
0
4854
0
4818
0
5371
0
0
0
4880
0
4818
0
4875
0
4884
0
4872
0
4884
0
4890
0
0
0
0
4863
0
4838
0
4848
0
4852
0
4830
0
4885
0
5381
0
4847
0
4816
0
4823
0
4838
0
4846
0
4880
0
4856
0
4870
0
4942
0
0
4863
0
4829
0
4854
0
4829
0
4853
0
4812
0
4842
0
4827
0
4837
0
4843
0
4801
0
4814
0
4864
0
4868
0
4884
0
4922
0
0
0
0
4818
0
4856
0
4838
0
4835
0
4834
0
4860
0
4797
0
5314
0
4836
0
4835
0
4856
0
4844
0
4840
0
4864
0
4870
0
4877
0
329
0
0
4815
0
4849
0
4867
0
4852
0
4826
0
4845
0
4818
0
5472
0
0
0
4875
0
4816
0
4878
0
4883
0
4869
0
4876
0
4895
0
0
0
0
4859
0
4838
0
4849
0
4848
0
4832
0
4880
0
5251
0
4846
0
4827
0
4813
0
4843
0
4850
0
4880
0
4858
0
4881
0
4942
0
0
4862
0
4826
0
4848
0
4829
0
4849
0
4808
0
4843
0
4830
0
4842
0
4839
0
4799
0
4817
0
4866
0
4862
0
4893
0
4915
0
0
0
0
4815
0
4854
0
4838
0
4840
0
4835
0
4859
0
4803
0
5272
0
4837
0
4832
0
4851
0
4839
0
4841
0
4871
0
4871
0
4875
0
396
0
0
4810
0
4848
0
4869
0
4850
0
4820
0
4855
0
4823
0
5332
0
0
0
4869
0
4821
0
4879
0
4881
0
4872
0
4884
0
4894
0
0
0
0
4862
0
4842
0
4851
0
4849
0
4834
0
4879
0
5442
0
4845
0
4816
0
4810
0
4836
0
4846
0
4879
0
4854
0
4876
0
4943
0
0
4862
0
4827
0
4854
0
4833
0
4856
0
5248
0
4843
0
4826
0
4845
0
4836
0
4800
0
4818
0
4870
0
4869
0
4894
0
4926
0
0
0
0
4817
0
4851
0
4838
0
4842
0
4838
0
5079
0
4800
0
5266
0
4837
0
4840
0
4853
0
4837
0
4837
0
4853
0
4873
0
4877
0
463
0
0
4818
0
4850
0
4865
0
4855
0
4822
0
4853
0
4819
0
5243
0
0
0
4875
0
4825
0
4873
0
4884
0
4874
0
4893
0
4886
0
0
0
0
4863
0
4837
0
4850
0
4846
0
4837
0
4887
0
5329
0
4846
0
4821
0
4820
0
4841
0
4846
0
4883
0
4855
0
4878
0
4945
0
0
4863
0
4830
0
4853
0
4828
0
4852
0
5062
0
4843
0
4829
0
4843
0
4837
0
4797
0
4813
0
4865
0
4865
0
4887
0
4922
0
0
0
0
4817
0
4856
0
4834
0
4837
0
4837
0
4864
0
4809
0
5467
0
4829
0
4832
0
4854
0
4842
0
4843
0
4867
0
4877
0
4875
0
531
0
0
4813
0
4846
0
4870
0
4854
0
4824
0
4850
0
4820
0
5379
0
0
0
4875
0
4822
0
4876
0
4879
0
4866
0
4882
0
4889
0
0
0
0
4862
0
4839
0
4851
0
4853
0
4831
0
4887
0
5536
0
4849
0
4820
0
4814
0
4845
0
4847
0
4875
0
4856
0
4882
0
4947
0
0
4861
0
4833
0
4853
0
4826
0
4859
0
5083
0
4841
0
4832
0
4840
0
4836
0
4804
0
4818
0
4867
0
4868
0
4886
0
4920
0
0
0
0
4815
0
4851
0
4841
0
4836
0
4836
0
4864
0
4801
0
5337
0
4833
0
4837
0
4850
0
4838
0
4841
0
4860
0
4882
0
4879
0
598
0
0
4813
0
4851
0
4864
0
4849
0
4824
0
4843
0
4820
0
5471
0
0
0
4878
0
4817
0
4877
0
4879
0
4876
0
4892
0
4884
0
0
0
0
4860
0
4836
0
4849
0
4848
0
4833
0
4878
0
5251
0
4854
0
4824
0
4817
0
4839
0
4847
0
4877
0
4858
0
4870
0
4940
0
0
4862
0
4830
0
4854
0
4826
0
4859
0
5165
0
4842
0
4829
0
4842
0
4837
0
4799
0
4817
0
4865
0
4867
0
4886
0
4924
0
0
0
0
4819
0
4856
0
4840
0
4834
0
4840
0
4872
0
4806
0
5328
0
4833
0
4837
0
4859
0
4846
0
4842
0
4865
0
4874
0
4873
0
665
0
0
4818
0
4844
0
4860
0
4856
0
4828
0
4856
0
4916
0
5872
0
0
0
4873
0
4820
0
4872
0
4884
0
4873
0
4885
0
4892
0
0
0
0
4862
0
4837
0
4848
0
4851
0
4840
0
4882
0
5049
0
4851
0
4822
0
4823
0
4841
0
4849
0
4876
0
4858
0
4874
0
4940
0
0
4862
0
4825
0
4850
0
4827
0
4849
0
5170
0
4848
0
5405
0
4840
0
4841
0
4801
0
4818
0
4869
0
4872
0
4883
0
4925
0
0
0
0
4816
0
4854
0
4834
0
4838
0
4836
0
4865
0
4804
0
5571
0
4832
0
4834
0
4856
0
4848
0
4847
0
4868
0
4883
0
4875
0
732
0
0
4814
0
4850
0
4869
0
4851
0
4828
0
4848
0
4814
0
5474
0
0
0
4873
0
4824
0
4867
0
4881
0
4874
0
4880
0
4886
0
0
0
0
4870
0
4840
0
4852
0
4848
0
4830
0
4882
0
5603
0
4847
0
4823
0
4828
0
4840
0
4847
0
4877
0
4859
0
4884
0
4941
0
0
4861
0
4827
0
4852
0
4829
0
4855
0
5191
0
4846
0
5270
0
4840
0
4832
0
4800
0
4818
0
4868
0
4864
0
4881
0
4918
0
0
0
0
4812
0
4852
0
4836
0
4839
0
4833
0
4853
0
4805
0
5317
0
4830
0
4832
0
4850
0
4846
0
4836
0
4871
0
4879
0
4875
0
799
0
0
4820
0
4849
0
4866
0
4851
0
4826
0
4853
0
4818
0
5378
0
0
0
4869
0
4815
0
4879
0
4881
0
4874
0
4882
0
4890
0
0
0
0
4864
0
4839
0
4851
0
4850
0
4835
0
4881
0
5250
0
4843
0
4817
0
4820
0
4841
0
4841
0
4879
0
4855
0
4879
0
4943
0
0
4868
0
4834
0
4848
0
4832
0
4857
0
5154
0
4845
0
4828
0
4840
0
4839
0
4800
0
4815
0
4872
0
4865
0
4891
0
4913
0
0
0
0
4820
0
4854
0
4838
0
4832
0
4837
0
4857
0
4802
0
5526
0
4829
0
4836
0
4853
0
4840
0
4850
0
4866
0
4879
0
4873
0
866
0
0
4810
0
4849
0
4865
0
4849
0
4826
0
4841
0
4820
0
5695
0
0
0
4876
0
4826
0
4877
0
4881
0
4872
0
4882
0
4891
0
0
0
0
4864
0
4834
0
4847
0
4853
0
4834
0
4882
0
5246
0
4846
0
4820
0
4817
0
4838
0
4845
0
4878
0
4856
0
4873
0
4941
0
0
4861
0
4826
0
4853
0
4828
0
4853
0
5182
0
4844
0
5388
0
4843
0
4836
0
4798
0
4821
0
4866
0
4857
0
4883
0
4922
0
0
0
0
4820
0
4852
0
4838
0
4840
0
4840
0
4855
0
4802
0
5400
0
4832
0
4840
0
4848
0
4840
0
4839
0
4859
0
4881
0
4878
0
933
0
0
4814
0
4848
0
4870
0
4854
0
4830
0
4854
0
4820
0
5650
0
0
0
4879
0
4827
0
4875
0
4877
0
4866
0
4876
0
4892
0
0
0
0
4857
0
4840
0
4845
0
4848
0
4838
0
4883
0
5252
0
4849
0
4818
0
4820
0
4850
0
4847
0
4879
0
4854
0
4876
0
4948
0
0
4863
0
4825
0
4850
0
4827
0
4853
0
5252
0
4892
0
5094
0
4837
0
4837
0
4800
0
4818
0
4870
0
4869
0
4890
0
4921
0
0
0
0
4816
0
4849
0
4835
0
4844
0
4832
0
4857
0
4798
0
5288
0
4825
0
4838
0
4846
0
4841
0
4840
0
4868
0
4882
0
4878
0
1000
0
0
4821
0
4845
0
4864
0
4851
0
4827
0
4846
0
4824
0
5437
0
0
0
4878
0
4823
0
4881
0
4878
0
4869
0
4889
0
4886
0
0
0
0
4862
0
4837
0
4848
0
4847
0
4838
0
4879
0
5448
0
4850
0
4821
0
4828
0
4841
0
4844
0
4877
0
4858
0
4882
0
4948
0
0
4866
0
4830
0
4846
0
4830
0
4857
0
4813
0
4840
0
4821
0
4843
0
4844
0
4800
0
4816
0
4869
0
4861
0
4880
0
4924
0
0
0
0
4815
0
4853
0
4837
0
4842
0
4837
0
4861
0
4797
0
5338
0
4826
0
4836
0
4854
0
4845
0
4838
0
4859
0
4882
0
4872
0
1067
0
0
4811
0
4849
0
4870
0
4852
0
4828
0
4854
0
4816
0
5534
0
0
0
4869
0
4828
0
4872
0
4884
0
4869
0
4889
0
4893
0
0
0
0
4866
0
4839
0
4848
0
4847
0
4835
0
4882
0
5415
0
4854
0
4823
0
4823
0
4832
0
4850
0
4876
0
4856
0
4887
0
4940
0
0
4863
0
4829
0
4848
0
4827
0
4855
0
4814
0
4845
0
4825
0
4843
0
4835
0
4796
0
4815
0
4863
0
4868
0
4886
0
4919
0
0
0
0
4813
0
4855
0
4836
0
4838
0
4839
0
4861
0
4804
0
5269
0
4833
0
4838
0
4850
0
4844
0
4843
0
4862
0
4878
0
4872
0
1134
0
0
4824
0
4848
0
4872
0
4850
0
4824
0
4846
0
4821
0
5358
0
0
0
4874
0
4829
0
4875
0
4882
0
4872
0
4881
0
4890
0
0
0
0
4867
0
4839
0
4852
0
4847
0
4834
0
4882
0
5286
0
4854
0
4824
0
4819
0
4846
0
4844
0
4879
0
4859
0
4879
0
4940
0
0
4865
0
4832
0
4852
0
4825
0
4852
0
4818
0
4843
0
4820
0
4842
0
4833
0
4799
0
4819
0
4868
0
4871
0
4887
0
4919
0
0
0
0
4814
0
4856
0
4838
0
4834
0
4834
0
4983
0
4792
0
5268
0
4830
0
4834
0
4852
0
4842
0
4843
0
4860
0
4880
0
4878
0
1202
0
0
4820
0
4846
0
4866
0
4852
0
4828
0
4841
0
4817
0
5411
0
0
0
4865
0
4822
0
4877
0
4884
0
4869
0
4901
0
4892
0
0
0
0
4865
0
4836
0
4846
0
4849
0
4834
0
4881
0
5271
0
4850
0
4822
0
4818
0
4845
0
4842
0
4880
0
4856
0
4874
0
4949
0
0
4860
0
4833
0
4849
0
4829
0
4857
0
4812
0
4846
0
4826
0
4842
0
4837
0
4799
0
4815
0
4867
0
4863
0
4880
0
4918
0
0
0
0
4820
0
4853
0
4835
0
4840
0
4833
0
4859
0
4803
0
5469
0
4835
0
4835
0
4857
0
4842
0
4842
0
4868
0
4883
0
4867
0
1269
0
0
4813
0
4852
0
4869
0
4852
0
4830
0
4854
0
4823
0
5417
0
0
0
4867
0
4818
0
4875
0
4886
0
4868
0
4885
0
4893
0
0
0
0
4867
0
4835
0
4850
0
4845
0
4834
0
4879
0
5811
0
4847
0
4824
0
4830
0
4843
0
4849
0
4878
0
4855
0
4871
0
4947
0
0
4859
0
4828
0
4850
0
4827
0
4852
0
4815
0
4841
0
4827
0
4839
0
4836
0
4798
0
4818
0
4869
0
4861
0
4882
0
4919
0
0
0
0
4815
0
4855
0
4838
0
4841
0
4837
0
4853
0
4798
0
5362
0
4834
0
4841
0
4849
0
4845
0
4838
0
4865
0
4886
0
4869
0
1336
0
0
4817
0
4849
0
4868
0
4853
0
4824
0
4851
0
4871
0
5378
0
0
0
4871
0
4819
0
4874
0
4885
0
4867
0
4885
0
4891
0
0
0
0
4866
0
4841
0
4850
0
4846
0
4832
0
4878
0
5325
0
4846
0
4820
0
4823
0
4840
0
4849
0
4877
0
4851
0
4879
0
4944
0
0
4863
0
4828
0
4852
0
4826
0
4852
0
5072
0
4839
0
4826
0
4844
0
4845
0
4796
0
4818
0
4870
0
4861
0
4883
0
4919
0
0
0
0
4813
0
4855
0
4836
0
4839
0
4831
0
4862
0
4811
0
5320
0
4824
0
4839
0
4859
0
4844
0
4846
0
4859
0
4878
0
4876
0
1404
0
0
4814
0
4847
0
4866
0
4850
0
4822
0
4850
0
4820
0
5554
0
0
0
4871
0
4824
0
4874
0
4878
0
4874
0
4881
0
4890
0
0
0
0
4861
0
4837
0
4852
0
4850
0
4832
0
4883
0
5024
0
4848
0
4821
0
4823
0
4842
0
4848
0
4872
0
4855
0
4875
0
4944
0
0
4862
0
4829
0
4852
0
4826
0
4858
0
5109
0
4848
0
5259
0
4837
0
4835
0
4798
0
4820
0
4871
0
4867
0
4887
0
4926
0
0
0
0
4812
0
4855
0
4837
0
4840
0
4839
0
4866
0
4789
0
5610
0
4832
0
4845
0
4859
0
4840
0
4839
0
4873
0
4876
0
4877
0
1471
0
0
4817
0
4847
0
4872
0
4850
0
4824
0
4851
0
4814
0
5467
0
0
0
4864
0
4815
0
4870
0
4883
0
4866
0
4886
0
4892
0
0
0
0
4862
0
4835
0
4852
0
4846
0
4832
0
4885
0
5261
0
4850
0
4822
0
4819
0
4836
0
4844
0
4878
0
4862
0
4870
0
4941
0
0
4863
0
4822
0
4851
0
4827
0
4859
0
5623
0
4840
0
5252
0
4843
0
4839
0
4794
0
4817
0
4868
0
4862
0
4882
0
4924
0
0
0
0
4817
0
4855
0
4840
0
4835
0
4834
0
4851
0
4798
0
5385
0
4829
0
4839
0
4855
0
4844
0
4840
0
4857
0
4875
0
4877
0
1538
0
0
4818
0
4848
0
4862
0
4852
0
4825
0
