4880
0
3943
0
5172
0
4814
0
4862
0
4847
0
4817
0
4863
0
4842
0
4888
0
4877
0
15104
0
0
4859
0
4835
0
4836
0
4891
0
4847
0
4840
0
4869
0
5517
0
4828
0
4848
0
4879
0
4864
0
4831
0
4838
0
4861
0
4891
0
0
0
0
4839
0
4818
0
4822
0
4833
0
4850
0
4847
0
5403
0
4856
0
4813
0
4792
0
4824
0
4809
0
4874
0
4881
0
4869
0
4855
0
0
4834
0
4844
0
4821
0
4832
0
4833
0
4850
0
4835
0
5321
0
4811
0
4833
0
4813
0
4894
0
4860
0
4860
0
4845
0
4876
0
0
0
0
4849
0
4854
0
4839
0
4844
0
4870
0
4889
0
4827
0
5166
0
4807
0
4857
0
4847
0
4820
0
4872
0
4847
0
4885
0
4882
0
15104
0
0
4856
0
4837
0
4842
0
4891
0
4847
0
4837
0
4877
0
5639
0
4828
0
4845
0
4879
0
4867
0
4829
0
4833
0
4861
0
4900
0
0
0
0
4839
0
4819
0
4821
0
4837
0
4846
0
4839
0
5308
0
4858
0
4818
0
4789
0
4840
0
4810
0
4866
0
4882
0
4870
0
4849
0
0
4838
0
4844
0
4818
0
4829
0
4832
0
4851
0
4832
0
5191
0
4806
0
4841
0
4818
0
4891
0
4861
0
4866
0
4848
0
4874
0
0
0
0
4851
0
4856
0
4835
0
4838
0
4867
0
4901
0
4824
0
4815
0
4814
0
4861
0
4840
0
4816
0
4867
0
4844
0
4889
0
4877
0
15104
0
0
4862
0
4836
0
4840
0
4889
0
4849
0
4838
0
4862
0
5627
0
4838
0
4837
0
4890
0
4874
0
4831
0
4835
0
4858
0
4895
0
0
0
0
4838
0
4819
0
4819
0
4837
0
4851
0
4844
0
5532
0
4861
0
4814
0
4785
0
4828
0
4810
0
4866
0
4881
0
4868
0
4855
0
0
4839
0
4843
0
4821
0
4831
0
4833
0
4847
0
4828
0
5280
0
4809
0
4835
0
4823
0
4888
0
4858
0
4862
0
4850
0
4871
0
0
0
0
4848
0
4853
0
4835
0
4841
0
4867
0
4903
0
4828
0
4815
0
4815
0
4861
0
4840
0
4818
0
4872
0
4839
0
4891
0
4882
0
15104
0
0
4859
0
4836
0
4841
0
4892
0
4858
0
4844
0
4858
0
5731
0
4832
0
4842
0
4882
0
4877
0
4828
0
4835
0
4855
0
4891
0
0
0
0
4839
0
4819
0
4829
0
4836
0
4846
0
4843
0
5367
0
4853
0
4816
0
4786
0
4832
0
4806
0
4868
0
4880
0
4865
0
4859
0
0
4836
0
4843
0
4825
0
4831
0
4831
0
4850
0
4833
0
5676
0
4814
0
4839
0
4820
0
4890
0
4860
0
4872
0
4838
0
4877
0
0
0
0
4843
0
4851
0
4833
0
4840
0
4867
0
4893
0
4831
0
4816
0
4816
0
4858
0
4850
0
4815
0
4872
0
4836
0
4892
0
4880
0
15104
0
0
4859
0
4835
0
4838
0
4895
0
4840
0
4846
0
4859
0
6019
0
4825
0
4843
0
4886
0
4873
0
4832
0
4833
0
4868
0
4895
0
0
0
0
4839
0
4818
0
4826
0
4834
0
4849
0
4835
0
5271
0
4852
0
4817
0
4784
0
4825
0
4811
0
4872
0
4874
0
4868
0
4852
0
0
4838
0
4840
0
4822
0
4832
0
4833
0
4847
0
4833
0
5216
0
4797
0
4843
0
4818
0
4893
0
4860
0
4858
0
4845
0
4874
0
0
0
0
4851
0
4850
0
4838
0
4842
0
4863
0
4891
0
4827
0
4820
0
4814
0
4861
0
4852
0
4816
0
4870
0
4841
0
4884
0
4884
0
15104
0
0
4860
0
4832
0
4844
0
4890
0
4848
0
4841
0
5156
0
5876
0
4833
0
4837
0
4886
0
4874
0
4827
0
4840
0
4862
0
4891
0
0
0
0
4840
0
4818
0
4826
0
4839
0
4849
0
4844
0
5314
0
4854
0
4820
0
4788
0
4829
0
4809
0
4866
0
4879
0
4867
0
4852
0
0
4838
0
4846
0
4821
0
4835
0
4833
0
4848
0
4835
0
5266
0
4812
0
4836
0
4819
0
4896
0
4860
0
4860
0
4847
0
4876
0
0
0
0
4848
0
4853
0
4832
0
4837
0
4866
0
4905
0
4830
0
4818
0
4814
0
4862
0
4850
0
4821
0
4871
0
4841
0
4896
0
4880
0
15104
0
0
4858
0
4844
0
4836
0
4893
0
4845
0
4842
0
5177
0
5436
0
4835
0
4843
0
4878
0
4869
0
4830
0
4836
0
4857
0
4888
0
0
0
0
4838
0
4819
0
4823
0
4835
0
5239
0
4841
0
5481
0
4854
0
4820
0
4784
0
4830
0
4809
0
4869
0
4881
0
4872
0
4847
0
0
4835
0
4847
0
4830
0
4831
0
4830
0
4852
0
4829
0
5343
0
4811
0
4831
0
4816
0
4889
0
4859
0
4863
0
4848
0
4878
0
0
0
0
4849
0
4849
0
4835
0
4841
0
4867
0
5019
0
4830
0
4821
0
4818
0
4862
0
4846
0
4817
0
4873
0
4843
0
4893
0
4880
0
15104
0
0
4862
0
4839
0
4844
0
4888
0
4846
0
4841
0
4855
0
5426
0
4829
0
4850
0
4893
0
4870
0
4827
0
4841
0
4853
0
4887
0
0
0
0
4838
0
4814
0
4820
0
4839
0
4850
0
4842
0
5315
0
4851
0
4810
0
4788
0
4832
0
4811
0
4869
0
4876
0
4870
0
4849
0
0
4833
0
4845
0
4821
0
4832
0
4834
0
4845
0
4833
0
5253
0
4810
0
4839
0
4821
0
4894
0
4862
0
4872
0
4844
0
4879
0
0
0
0
4852
0
4855
0
4839
0
4838
0
4862
0
4898
0
4834
0
4821
0
4818
0
4857
0
4846
0
4813
0
4867
0
4841
0
4894
0
4882
0
15104
0
0
4859
0
4835
0
4841
0
4887
0
4844
0
4843
0
4856
0
5771
0
4831
0
4844
0
4881
0
4869
0
4829
0
4830
0
4861
0
4894
0
0
0
0
4839
0
4819
0
4825
0
4829
0
5115
0
4847
0
5323
0
4856
0
4813
0
4795
0
4830
0
4818
0
4870
0
4877
0
4874
0
4849
0
0
4836
0
4842
0
4822
0
4829
0
4836
0
4857
0
4835
0
5612
0
4809
0
4838
0
4819
0
4894
0
4861
0
4871
0
4840
0
4874
0
0
0
0
4852
0
4852
0
4835
0
4846
0
4862
0
4919
0
4831
0
4820
0
4814
0
4859
0
4848
0
4815
0
4871
0
4844
0
4893
0
4878
0
15104
0
0
4860
0
4836
0
4843
0
4891
0
4845
0
4840
0
5204
0
5491
0
4821
0
4848
0
4882
0
4876
0
4828
0
4836
0
4870
0
4896
0
0
0
0
4840
0
4817
0
4827
0
4838
0
4846
0
4837
0
5282
0
4854
0
4821
0
4789
0
4832
0
4812
0
4867
0
4876
0
4872
0
4851
0
0
4836
0
4844
0
4823
0
4826
0
4833
0
4847
0
4834
0
5409
0
4801
0
4833
0
4811
0
4894
0
4859
0
4863
0
4844
0
4874
0
0
0
0
4852
0
4849
0
4837
0
4840
0
4871
0
4893
0
4870
0
5396
0
4816
0
4851
0
4853
0
4819
0
4868
0
4835
0
4884
0
4884
0
15104
0
0
4857
0
4836
0
4839
0
4891
0
4850
0
4840
0
4860
0
5436
0
4829
0
4842
0
4881
0
4871
0
4828
0
4838
0
4863
0
4893
0
0
0
0
4839
0
4818
0
4824
0
4832
0
4841
0
4840
0
5555
0
4859
0
4813
0
4788
0
4832
0
4813
0
4869
0
4878
0
4867
0
4846
0
0
4834
0
4842
0
4815
0
4827
0
4831
0
4843
0
4832
0
5465
0
4812
0
4831
0
4812
0
4889
0
4858
0
4858
0
4848
0
4874
0
0
0
0
4841
0
4853
0
4843
0
4840
0
4863
0
4911
0
4824
0
5260
0
4817
0
4858
0
4850
0
4818
0
4871
0
4841
0
4884
0
4886
0
15104
0
0
4857
0
4839
0
4842
0
4888
0
4850
0
4838
0
5151
0
5427
0
4828
0
4839
0
4881
0
4877
0
4835
0
4832
0
4862
0
4893
0
0
0
0
4838
0
4817
0
4826
0
4833
0
5228
0
4835
0
5327
0
4857
0
4826
0
4790
0
4839
0
4816
0
4873
0
4877
0
4867
0
4856
0
0
4832
0
4847
0
4821
0
4831
0
4829
0
4850
0
4833
0
5429
0
4816
0
4834
0
4822
0
4890
0
4859
0
4870
0
4849
0
4881
0
0
0
0
4851
0
4854
0
4830
0
4833
0
4871
0
4893
0
4827
0
4802
0
4806
0
4870
0
4849
0
4817
0
4869
0
4844
0
4894
0
4888
0
15104
0
0
4856
0
4837
0
4842
0
4892
0
4846
0
4838
0
4867
0
5672
0
4827
0
4846
0
4877
0
4869
0
4831
0
4836
0
4862
0
4897
0
0
0
0
4837
0
4815
0
4823
0
4834
0
4983
0
4836
0
5176
0
4852
0
4822
0
4784
0
4830
0
4812
0
4871
0
4876
0
4870
0
4855
0
0
4832
0
4843
0
4824
0
4833
0
4831
0
4847
0
4828
0
5740
0
4818
0
4828
0
4819
0
4893
0
4856
0
4865
0
4841
0
4876
0
0
0
0
4851
0
4857
0
4837
0
4844
0
4867
0
4911
0
4825
0
5125
0
4819
0
4864
0
4851
0
4818
0
4866
0
4837
0
4893
0
4885
0
15104
0
0
4857
0
4834
0
4838
0
4890
0
4843
0
4845
0
4862
0
5468
0
4828
0
4844
0
4888
0
4874
0
4833
0
4834
0
4856
0
4894
0
0
0
0
4842
0
4818
0
4826
0
4838
0
4854
0
4840
0
5494
0
4852
0
4821
0
4791
0
4835
0
4807
0
4863
0
4879
0
4867
0
4850
0
0
4834
0
4843
0
4824
0
4831
0
4832
0
4852
0
4838
0
5339
0
4813
0
4830
0
4822
0
4893
0
4861
0
4866
0
4844
0
4880
0
0
0
0
4846
0
4853
0
4836
0
4840
0
4867
0
5063
0
4827
0
5405
0
4812
0
4858
0
4854
0
4819
0
4874
0
4848
0
4896
0
4876
0
15104
0
0
4861
0
4841
0
4839
0
4893
0
4849
0
4845
0
4860
0
5764
0
4829
0
4845
0
4884
0
4873
0
4830
0
4831
0
4866
0
4897
0
0
0
0
4836
0
4819
0
4823
0
4837
0
5298
0
4851
0
5600
0
4849
0
4825
0
4790
0
4828
0
4811
0
4871
0
4874
0
4869
0
4856
0
0
4835
0
4848
0
4822
0
4828
0
4832
0
4849
0
4829
0
5292
0
4809
0
4840
0
4820
0
4893
0
4857
0
4858
0
4846
0
4874
0
0
0
0
4849
0
4853
0
4839
0
4842
0
4867
0
4894
0
4827
0
4821
0
4810
0
4856
0
4848
0
4819
0
4873
0
4840
0
4896
0
4882
0
15104
0
0
4859
0
4838
0
4844
0
4889
0
4849
0
4839
0
4858
0
5794
0
4826
0
4848
0
4883
0
4868
0
4830
0
4838
0
4869
0
4900
0
0
0
0
4838
0
4818
0
4827
0
4834
0
4848
0
4840
0
5351
0
4852
0
4827
0
4789
0
4828
0
4808
0
4873
0
4873
0
4868
0
4848
0
0
4836
0
4850
0
4821
0
4832
0
4830
0
4850
0
4830
0
5291
0
4815
0
4837
0
4810
0
4892
0
4862
0
4860
0
4847
0
4878
0
0
0
0
4849
0
4852
0
4837
0
4842
0
4862
0
5019
0
4827
0
5316
0
4814
0
4855
0
4847
0
4824
0
4868
0
4844
0
4898
0
4884
0
15104
0
0
4859
0
4838
0
4841
0
4892
0
4846
0
4842
0
4858
0
5542
0
4834
0
4847
0
4882
0
4871
0
4823
0
4843
0
4864
0
4906
0
0
0
0
4838
0
4818
0
4818
0
4831
0
4847
0
4840
0
5199
0
4854
0
4805
0
4790
0
4837
0
4807
0
4869
0
4880
0
4868
0
4853
0
0
4839
0
4848
0
4820
0
4829
0
4837
0
4843
0
4835
0
5250
0
4814
0
4843
0
4825
0
4886
0
4857
0
4864
0
4847
0
4876
0
0
0
0
4850
0
4847
0
4836
0
4841
0
4866
0
5018
0
4826
0
4811
0
4817
0
4856
0
4853
0
4819
0
4871
0
4845
0
4890
0
4874
0
15104
0
0
4861
0
4836
0
4842
0
4893
0
4842
0
4843
0
4855
0
5691
0
4830
0
4844
0
4882
0
4869
0
4829
0
4834
0
4858
0
4900
0
0
0
0
4839
0
4816
0
4825
0
4838
0
4851
0
4847
0
5304
0
4856
0
4821
0
4793
0
4840
0
4807
0
4873
0
4880
0
4868
0
4855
0
0
4831
0
4844
0
4822
0
4831
0
4837
0
4852
0
4836
0
5269
0
4805
0
4834
0
4818
0
4891
0
4862
0
4859
0
4842
0
4878
0
0
0
0
4849
0
4854
0
4836
0
4841
0
4868
0
4888
0
4828
0
4815
0
4816
0
4854
0
4853
0
4818
0
4868
0
4845
0
4892
0
4883
0
15104
0
0
4858
0
4835
0
4845
0
4890
0
4840
0
4838
0
4878
0
5469
0
4833
0
4844
0
4879
0
4866
0
4827
0
4840
0
4869
0
4900
0
0
0
0
4837
0
4819
0
4822
0
4840
0
4849
0
4845
0
5130
0
4857
0
4819
0
4784
0
4832
0
4815
0
4862
0
4872
0
4870
0
4848
0
0
4835
0
4843
0
4820
0
4831
0
4835
0
4849
0
4834
0
5502
0
4809
0
4829
0
4819
0
4890
0
4862
0
4866
0
4848
0
4877
0
0
0
0
4850
0
4858
0
4837
0
4841
0
4864
0
4902
0
4830
0
5207
0
4811
0
4853
0
4854
0
4816
0
4867
0
4847
0
4893
0
4881
0
15104
0
0
4856
0
4835
0
4840
0
4894
0
4849
0
4842
0
4860
0
5480
0
4831
0
4845
0
4881
0
4868
0
4830
0
4842
0
4859
0
4898
0
0
0
0
4838
0
4819
0
4826
0
4832
0
4852
0
4841
0
5383
0
4856
0
4815
0
4790
0
4834
0
4805
0
4874
0
4873
0
4862
0
4853
0
0
4840
0
4845
0
4821
0
4837
0
4833
0
4849
0
4832
0
5312
0
4807
0
4840
0
4819
0
4892
0
4855
0
4868
0
4851
0
4876
0
0
0
0
4845
0
4855
0
4834
0
4839
0
4862
0
4920
0
4862
0
4806
0
4826
0
4855
0
4845
0
4822
0
4863
0
4843
0
4885
0
4883
0
15104
0
0
4858
0
4842
0
4841
0
4892
0
4847
0
4843
0
4858
0
5751
0
4827
0
4847
0
4876
0
4872
0
4829
0
4837
0
4858
0
4899
0
0
0
0
4839
0
4817
0
4823
0
4834
0
5090
0
4840
0
5242
0
4850
0
4824
0
4789
0
4835
0
4810
0
4867
0
4876
0
4868
0
4851
0
0
4837
0
4850
0
4825
0
4830
0
4831
0
4846
0
4832
0
5328
0
4817
0
4838
0
4819
0
4895
0
4856
0
4867
0
4851
0
4875
0
0
0
0
4851
0
4854
0
4842
0
4835
0
4867
0
4897
0
4819
0
4824
0
4814
0
4859
0
4840
0
4816
0
4865
0
4845
0
4889
0
4884
0
15104
0
0
4854
0
4834
0
4839
0
4891
0
4842
0
4846
0
4861
0
5595
0
4833
0
4849
0
4885
0
4872
0
4833
0
4838
0
4870
0
4893
0
0
0
0
4843
0
4813
0
4827
0
4834
0
4849
0
4846
0
5473
0
4851
0
4828
0
4786
0
4833
0
4810
0
4869
0
4870
0
4867
0
4854
0
0
4837
0
4845
0
4824
0
4830
0
4830
0
4850
0
6518
0
5660
0
4813
0
4834
0
4816
0
4893
0
4861
0
4862
0
4847
0
4875
0
0
0
0
4852
0
4851
0
4834
0
4841
0
4866
0
4892
0
4824
0
4819
0
4812
0
4864
0
4861
0
4822
0
4874
0
4841
0
4892
0
4882
0
15104
0
0
4854
0
4835
0
4838
0
4889
0
4846
0
4844
0
4856
0
5455
0
4835
0
4846
0
4882
0
4872
0
4827
0
4840
0
4853
0
4894
0
0
0
0
4838
0
4816
0
4827
0
4834
0
5662
0
4844
0
5359
0
4856
0
4821
0
4787
0
4833
0
4812
0
4872
0
4882
0
4870
0
4853
0
0
4836
0
4843
0
4826
0
4831
0
4828
0
4849
0
4835
0
5412
0
4810
0
4835
0
4817
0
4890
0
4859
0
4870
0
4848
0
4880
0
0
0
0
4850
0
4855
0
4838
0
4838
0
4866
0
