4853
0
3622
0
5779
0
4833
0
4844
0
4874
0
4872
0
4830
0
4837
0
4867
0
4894
0
0
0
0
4840
0
4817
0
4822
0
4839
0
5256
0
4846
0
5240
0
4854
0
4818
0
4791
0
4835
0
4815
0
4872
0
4882
0
4863
0
4857
0
0
4838
0
4842
0
4822
0
4829
0
4833
0
4848
0
4834
0
5418
0
4812
0
4836
0
4823
0
4897
0
4862
0
4868
0
4844
0
4875
0
0
0
0
4852
0
4855
0
4835
0
4839
0
4866
0
5017
0
4867
0
4806
0
4807
0
4857
0
4852
0
4813
0
4874
0
4843
0
4894
0
4884
0
15104
0
0
4857
0
4835
0
4837
0
4890
0
4849
0
4846
0
4861
0
5577
0
4831
0
4833
0
4879
0
4870
0
4831
0
4830
0
4855
0
4895
0
0
0
0
4844
0
4817
0
4821
0
4837
0
5797
0
4840
0
5256
0
4858
0
4815
0
4789
0
4830
0
4808
0
4867
0
4880
0
4873
0
4854
0
0
4832
0
4848
0
4825
0
4833
0
4829
0
4851
0
4833
0
5340
0
4802
0
4833
0
4825
0
4889
0
4862
0
4861
0
4848
0
4877
0
0
0
0
4849
0
4861
0
4834
0
4844
0
4865
0
4902
0
4825
0
4824
0
4817
0
4864
0
4848
0
4820
0
4873
0
4843
0
4893
0
4885
0
15104
0
0
4857
0
4836
0
4842
0
4892
0
4846
0
4839
0
4867
0
5432
0
4832
0
4840
0
4874
0
4873
0
4831
0
4839
0
4853
0
4890
0
0
0
0
4841
0
4816
0
4827
0
4832
0
4847
0
4840
0
5277
0
4859
0
4819
0
4786
0
4836
0
4813
0
4868
0
4876
0
4864
0
4853
0
0
4834
0
4848
0
4823
0
4832
0
4835
0
4853
0
4833
0
5609
0
4810
0
4834
0
4819
0
4889
0
4864
0
4872
0
4842
0
4877
0
0
0
0
4849
0
4859
0
4830
0
4842
0
4861
0
4915
0
4826
0
4823
0
4812
0
4859
0
4847
0
4818
0
4870
0
4841
0
4890
0
4887
0
15104
0
0
4855
0
4839
0
4838
0
4891
0
4848
0
4837
0
4864
0
5539
0
4835
0
4843
0
4879
0
4871
0
4829
0
4836
0
4870
0
4897
0
0
0
0
4841
0
4818
0
4821
0
4835
0
9961
0
4847
0
5323
0
4853
0
4827
0
4787
0
4825
0
4809
0
4863
0
4876
0
4865
0
4857
0
0
4833
0
4848
0
4818
0
4827
0
4833
0
4850
0
4832
0
5403
0
4813
0
4841
0
4819
0
4890
0
4863
0
4869
0
4845
0
4882
0
0
0
0
4856
0
4851
0
4836
0
4840
0
4864
0
5018
0
4826
0
4824
0
4813
0
4855
0
4846
0
4821
0
4867
0
4849
0
4895
0
4889
0
15104
0
0
4855
0
4833
0
4840
0
4892
0
4848
0
4843
0
4875
0
5572
0
4826
0
4841
0
4882
0
4874
0
4832
0
4837
0
4867
0
4900
0
0
0
0
4835
0
4817
0
4823
0
4839
0
4846
0
4846
0
5628
0
4858
0
4816
0
4790
0
4837
0
4808
0
4867
0
4875
0
4865
0
4855
0
0
4835
0
4847
0
4822
0
4830
0
4834
0
4842
0
4831
0
5290
0
4808
0
4833
0
4817
0
4896
0
4858
0
4878
0
4845
0
4880
0
0
0
0
4849
0
4853
0
4832
0
4839
0
4865
0
4893
0
4830
0
4821
0
4816
0
4855
0
4856
0
4819
0
4869
0
4845
0
4893
0
4882
0
15104
0
0
4860
0
4837
0
4837
0
4892
0
4844
0
4842
0
5125
0
5639
0
4827
0
4842
0
4878
0
4873
0
4828
0
4834
0
4856
0
4900
0
0
0
0
4838
0
4817
0
4822
0
4836
0
4850
0
4846
0
5389
0
4858
0
4820
0
4783
0
4834
0
4807
0
4869
0
4876
0
4865
0
4854
0
0
4836
0
4844
0
4821
0
4831
0
4828
0
4851
0
4837
0
5328
0
4811
0
4842
0
4816
0
4887
0
4861
0
4868
0
4845
0
4875
0
0
0
0
4850
0
4852
0
4835
0
4839
0
4865
0
4912
0
4850
0
5229
0
4812
0
4861
0
4846
0
4819
0
4868
0
4845
0
4887
0
4873
0
15104
0
0
4860
0
4839
0
4838
0
4887
0
4848
0
4837
0
4858
0
5514
0
4831
0
4847
0
4875
0
4870
0
4829
0
4835
0
4864
0
4891
0
0
0
0
4840
0
4816
0
4824
0
4834
0
4850
0
4841
0
5452
0
4854
0
4814
0
4784
0
4831
0
4812
0
4872
0
4881
0
4860
0
4855
0
0
4835
0
4845
0
4822
0
4827
0
4828
0
4850
0
4833
0
5606
0
4815
0
4837
0
4820
0
4890
0
4859
0
4860
0
4848
0
4879
0
0
0
0
4845
0
4856
0
4837
0
4842
0
4869
0
5151
0
4825
0
5145
0
4818
0
4854
0
4853
0
4813
0
4871
0
4838
0
4887
0
4877
0
15104
0
0
4859
0
4834
0
4845
0
4890
0
4842
0
4846
0
4858
0
5329
0
4829
0
4839
0
4882
0
4869
0
4830
0
4832
0
4864
0
4897
0
0
0
0
4845
0
4818
0
4823
0
4833
0
4866
0
4838
0
5334
0
4854
0
4817
0
4784
0
4831
0
4808
0
4869
0
4878
0
4871
0
4857
0
0
4834
0
4848
0
4820
0
4828
0
4828
0
4849
0
4833
0
5388
0
4814
0
4839
0
4816
0
4893
0
4854
0
4870
0
4846
0
4879
0
0
0
0
4848
0
4857
0
4837
0
4838
0
4866
0
4897
0
4829
0
4817
0
4819
0
4858
0
4851
0
4820
0
4871
0
4843
0
4893
0
4877
0
15104
0
0
4860
0
4839
0
4845
0
4896
0
4850
0
4844
0
4855
0
5505
0
4832
0
4842
0
4880
0
4875
0
4831
0
4840
0
4856
0
4897
0
0
0
0
4842
0
4818
0
4821
0
4838
0
4851
0
4844
0
5291
0
4853
0
4818
0
4783
0
4834
0
4812
0
4865
0
4880
0
4870
0
4854
0
0
4834
0
4849
0
4827
0
4830
0
4832
0
4847
0
4830
0
5359
0
4809
0
4837
0
4817
0
4890
0
4859
0
4866
0
4843
0
4883
0
0
0
0
4846
0
4849
0
4839
0
4837
0
4868
0
4902
0
4827
0
4815
0
4811
0
4858
0
4852
0
4815
0
4870
0
4848
0
4891
0
4877
0
15104
0
0
4862
0
4840
0
4843
0
4891
0
4841
0
4838
0
5202
0
5538
0
4832
0
4846
0
4885
0
4874
0
4828
0
4835
0
4861
0
4898
0
0
0
0
4840
0
4818
0
4824
0
4841
0
5330
0
4848
0
5341
0
4855
0
4820
0
4792
0
4834
0
4812
0
4873
0
4883
0
4871
0
4854
0
0
4836
0
4849
0
4819
0
4831
0
4829
0
4849
0
4830
0
5298
0
4810
0
4829
0
4821
0
4892
0
4861
0
4865
0
4845
0
4876
0
0
0
0
4853
0
4855
0
4839
0
4843
0
4872
0
4911
0
4825
0
5165
0
4813
0
4855
0
4843
0
4821
0
4866
0
4851
0
4894
0
4890
0
15104
0
0
4859
0
4842
0
4837
0
4889
0
4846
0
4839
0
4855
0
5944
0
4826
0
4843
0
4874
0
4869
0
4831
0
4839
0
4867
0
4896
0
0
0
0
4838
0
4824
0
4817
0
4829
0
4854
0
4840
0
5100
0
4865
0
4821
0
4786
0
4831
0
4812
0
4868
0
4877
0
4873
0
4852
0
0
4837
0
4846
0
4823
0
4834
0
4827
0
4846
0
4834
0
5556
0
4812
0
4837
0
4816
0
4891
0
4860
0
4871
0
4840
0
4879
0
0
0
0
4850
0
4856
0
4840
0
4841
0
4863
0
4902
0
4829
0
5135
0
4812
0
4862
0
4850
0
4821
0
4862
0
4848
0
4890
0
4889
0
15104
0
0
4858
0
4837
0
4843
0
4897
0
4842
0
4843
0
4856
0
5609
0
4830
0
4840
0
4884
0
4871
0
4832
0
4844
0
4861
0
4888
0
0
0
0
4842
0
4817
0
4823
0
4837
0
4844
0
4840
0
5526
0
4855
0
4817
0
4787
0
4831
0
4810
0
4865
0
4880
0
4873
0
4848
0
0
4830
0
4844
0
4824
0
4830
0
4831
0
4852
0
4833
0
5348
0
4809
0
4835
0
4814
0
4890
0
4857
0
4863
0
4849
0
4875
0
0
0
0
4847
0
4853
0
4838
0
4842
0
4863
0
4897
0
4823
0
5189
0
4813
0
4858
0
4848
0
4819
0
4864
0
4840
0
4892
0
4881
0
15104
0
0
4861
0
4840
0
4841
0
4891
0
4846
0
4842
0
5184
0
5495
0
4825
0
4851
0
4882
0
4866
0
4829
0
4839
0
4867
0
4898
0
0
0
0
4844
0
4820
0
4827
0
4836
0
4851
0
4849
0
5210
0
4860
0
4811
0
4785
0
4828
0
4811
0
4868
0
4876
0
4869
0
4855
0
0
4831
0
4849
0
4821
0
4832
0
4835
0
4842
0
4831
0
5256
0
4813
0
4836
0
4818
0
4894
0
4861
0
4865
0
4849
0
4877
0
0
0
0
4850
0
4850
0
4835
0
4842
0
4860
0
4896
0
4828
0
5320
0
4818
0
4853
0
4845
0
4818
0
4871
0
4843
0
4886
0
4876
0
15104
0
0
4862
0
4831
0
4843
0
4894
0
4846
0
4841
0
4865
0
5909
0
4826
0
4848
0
4880
0
4870
0
4831
0
4837
0
4865
0
4891
0
0
0
0
4837
0
4817
0
4830
0
4837
0
4854
0
4840
0
5228
0
4853
0
4823
0
4788
0
4832
0
4814
0
4869
0
4878
0
4878
0
4856
0
0
4830
0
4846
0
4818
0
4825
0
4829
0
4842
0
4828
0
5524
0
4812
0
4834
0
4815
0
4891
0
4859
0
4870
0
4849
0
4882
0
0
0
0
4853
0
4855
0
4837
0
4839
0
4860
0
4891
0
4831
0
4819
0
4816
0
4861
0
4842
0
4822
0
4869
0
4847
0
4892
0
4883
0
15104
0
0
4859
0
4837
0
4845
0
4892
0
4851
0
4843
0
4855
0
5852
0
4825
0
4844
0
4890
0
4874
0
4832
0
4844
0
4854
0
4893
0
0
0
0
4837
0
4816
0
4823
0
4830
0
5140
0
4848
0
5297
0
4855
0
4824
0
4788
0
4833
0
4811
0
4873
0
4876
0
4873
0
4854
0
0
4833
0
4840
0
4820
0
4830
0
4836
0
4848
0
4887
0
5584
0
4806
0
4830
0
4823
0
4892
0
4860
0
4872
0
4842
0
4877
0
0
0
0
4848
0
4858
0
4837
0
4842
0
4865
0
4904
0
4827
0
4816
0
4809
0
4857
0
4849
0
4816
0
4872
0
4844
0
4893
0
4884
0
15104
0
0
4857
0
4838
0
4843
0
4890
0
4851
0
4839
0
4860
0
5553
0
4833
0
4840
0
4880
0
4866
0
4829
0
4841
0
4851
0
4892
0
0
0
0
4835
0
4817
0
4823
0
4830
0
4849
0
4839
0
5556
0
4857
0
4821
0
4798
0
4829
0
4815
0
4863
0
4884
0
4870
0
4856
0
0
4832
0
4851
0
4818
0
4830
0
4831
0
4852
0
4831
0
5498
0
4810
0
4837
0
4819
0
4889
0
4862
0
4856
0
4842
0
4874
0
0
0
0
4853
0
4853
0
4833
0
4839
0
4872
0
4904
0
4863
0
4823
0
4812
0
4864
0
4852
0
4814
0
4871
0
4839
0
4899
0
4875
0
15104
0
0
4858
0
4838
0
4839
0
4890
0
4843
0
4848
0
4850
0
5688
0
4831
0
4840
0
4878
0
4872
0
4827
0
4832
0
4866
0
4892
0
0
0
0
4841
0
4818
0
4825
0
4838
0
4845
0
4840
0
5498
0
4854
0
4820
0
4791
0
4830
0
4808
0
4875
0
4878
0
4864
0
4855
0
0
4836
0
4848
0
4824
0
4830
0
4836
0
4850
0
4834
0
5240
0
4815
0
4835
0
4824
0
4888
0
4859
0
4873
0
4846
0
4877
0
0
0
0
4848
0
4850
0
4839
0
4841
0
4870
0
4901
0
4849
0
4820
0
4811
0
4862
0
4844
0
4821
0
4865
0
4836
0
4890
0
4888
0
15104
0
0
4858
0
4840
0
4836
0
4888
0
4842
0
4840
0
5256
0
5463
0
4835
0
4841
0
4888
0
4869
0
4826
0
4839
0
4849
0
4896
0
0
0
0
4834
0
4814
0
4821
0
4841
0
4845
0
4835
0
5447
0
4849
0
4810
0
4788
0
4836
0
4814
0
4863
0
4878
0
4873
0
4856
0
0
4835
0
4847
0
4821
0
4832
0
4831
0
4845
0
4834
0
5459
0
4810
0
4838
0
4826
0
4892
0
4861
0
4863
0
4844
0
4875
0
0
0
0
4852
0
4851
0
4839
0
4841
0
4865
0
5013
0
4828
0
5028
0
4814
0
4861
0
4846
0
4817
0
4867
0
4843
0
4884
0
4884
0
15104
0
0
4859
0
4836
0
4834
0
4889
0
4851
0
4841
0
4863
0
5513
0
4830
0
4838
0
4885
0
4868
0
4831
0
4837
0
4853
0
4889
0
0
0
0
4840
0
4820
0
4826
0
4838
0
4847
0
4836
0
5348
0
4850
0
4817
0
4782
0
4834
0
4813
0
4870
0
4874
0
4874
0
4848
0
0
4834
0
4844
0
4825
0
4825
0
4832
0
4846
0
4829
0
5111
0
4807
0
4839
0
4821
0
4892
0
4860
0
4860
0
4840
0
4879
0
0
0
0
4849
0
4856
0
4837
0
4838
0
4866
0
4889
0
4866
0
5282
0
4810
0
4856
0
4849
0
4819
0
4868
0
4847
0
4894
0
4881
0
15104
0
0
4856
0
4835
0
4841
0
4892
0
4846
0
4846
0
4860
0
5706
0
4829
0
4846
0
4882
0
4868
0
4831
0
4837
0
4854
0
4896
0
0
0
0
4841
0
4818
0
4823
0
4833
0
4851
0
4843
0
5758
0
4861
0
4824
0
4787
0
4832
0
4815
0
4871
0
4878
0
4869
0
4848
0
0
4836
0
4853
0
4826
0
4838
0
4828
0
4846
0
4829
0
5370
0
4804
0
4836
0
4819
0
4893
0
4855
0
4858
0
4845
0
4874
0
0
0
0
4847
0
4851
0
4832
0
4842
0
4867
0
4901
0
4829
0
4814
0
4816
0
4858
0
4845
0
4816
0
4869
0
4844
0
4888
0
4883
0
15104
0
0
4858
0
4836
0
4844
0
4890
0
4844
0
4842
0
4861
0
5490
0
4831
0
4845
0
4886
0
4868
0
4828
0
4834
0
4876
0
4892
0
0
0
0
4837
0
4822
0
4823
0
4829
0
5341
0
4845
0
5480
0
4852
0
4824
0
4789
0
4837
0
4809
0
4872
0
4874
0
4866
0
4850
0
0
4834
0
4843
0
4823
0
4823
0
4831
0
4848
0
4835
0
5282
0
4805
0
4832
0
4820
0
4892
0
4858
0
4874
0
4847
0
4881
0
0
0
0
4849
0
4850
0
4838
0
4838
0
4862
0
4900
0
4881
0
5150
0
4821
0
4859
0
4846
0
4811
0
4863
0
4838
0
4888
0
4882
0
15104
0
0
4862
0
4835
0
4840
0
4889
0
4838
0
4840
0
5271
0
5558
0
4829
0
4837
0
4874
0
4872
0
4831
0
4841
0
4861
0
4896
0
0
0
0
4844
0
4820
0
4822
0
4839
0
4851
0
4837
0
5053
0
4856
0
4822
0
4786
0
4834
0
4811
0
4869
0
4882
0
4861
0
4854
0
0
4838
0
4847
0
4818
0
4831
0
4835
0
4845
0
4829
0
5355
0
4808
0
4838
0
4817
0
4890
0
4861
0
4869
0
4843
0
4882
0
0
0
0
4848
0
4851
0
4839
0
4840
0
4867
0
4899
0
4826
0
5252
0
4819
0
4860
0
4848
0
4818
0
4868
0
4841
0
4890
0
4887
0
15104
0
0
4857
0
4840
0
4840
0
4892
0
4840
0
4842
0
4866
0
5391
0
4832
0
4849
0
4890
0
4874
0
4830
0
4840
0
4850
0
4894
0
0
0
0
4842
0
4814
0
4823
0
4838
0
4850
0
4834
0
5312
0
4859
0
4824
0
4780
0
4841
0
4812
0
4870
0
4875
0
4869
0
4849
0
0
4837
0
4844
0
4823
0
4833
0
4835
0
4852
0
4830
0
5408
0
4814
0
4842
0
4815
0
4891
0
4858
0
4873
0
4847
0
4880
0
0
0
0
4844
0
4858
0
4841
0
4842
0
4862
0
4889
0
4825
0
4817
0
4821
0
4857
0
4852
0
4822
0
4869
0
4849
0
4894
0
4876
0
15104
0
0
4857
0
4833
0
4840
0
4888
0
4848
0
